012311	023111	0111212	02231	022121	02222	021122	0215	0224	0111311	
01241	01241	01241	01241	01241	01241	01241	01241	01241	01241	01241	01241	01241	01241	01241	01241	01241	01241	01241	01241	01241	01241	01241	01241	01241	01241	01241	023111	0111212	02321	02321	021122	0215	0224	0111311	
011114	012122	01241	01421	0122111	013211	0215	02222	023111	0111212	02231	02231	02231	021122	0215	0224	0111311	
011114	012122	01241	01421	0122111	013211	0215	022112	023111	0111212	022211	022211	021122	0215	0224	0111311	
01313	012113	0121121	013112	0122111	012311	0122111	01241	013211	022211	02222	023111	0111212	022211	0224	02222	021122	0215	0224	0111311	
021113	01151	0112121	0211121	0215	011114	012122	01241	01421	0122111	013211	0215	022211	023111	0111212	022112	022211	0221111	021122	0215	0224	0111311	
021113	01151	0112121	0211121	0215	011114	012122	01241	01421	0122111	013211	0215	02222	023111	0111212	022211	02213	021122	0215	0224	0111311	
011114	012122	01241	01421	0122111	013211	0215	02231	023111	0111212	022211	02231	0224	021122	0215	0224	0111311	
011114	012122	01241	01421	0122111	013211	0215	022211	023111	0111212	0221111	02231	021122	0215	0224	0111311	
021113	01151	0112121	0211121	0215	011114	012122	01241	01421	0122111	013211	0215	02231	023111	0111212	02231	022121	021122	0215	0224	0111311	
021113	01151	0112121	0211121	0215	011114	012122	01241	01421	0122111	013211	0215	022112	023111	0111212	0233	022211	021122	0215	0224	0111311	
021113	01151	0112121	0211121	0215	011114	012122	01241	01421	0122111	013211	0215	0221111	023111	0111212	022211	02231	02231	021122	0215	0224	0111311	
021113	01151	0112121	0211121	0215	0113111	011123	01142	0112121	01111112	0113111	011312	01232	01241	013211	01241	013121	01241	012131	023111	0111212	02231	0224	02231	021122	0215	0224	0111311	
021113	01151	0112121	0211121	0215	01142	013211	0121121	01322	0134	01421	01115	0111113	0121121	013211	0122111	023111	0111212	022211	0221111	021122	0215	0224	0111311	
021113	01151	0112121	0211121	0215	01142	013211	0122111	01241	0121112	01421	01115	0111122	01151	011231	011312	0111113	0112121	01142	011213	023111	0111212	02231	022211	0221111	021122	0215	0224	0111311	
021113	01151	0112121	0211121	0215	0111131	0131111	0121121	01232	0121112	01111211	01151	0112121	011231	011411	01124	0111113	023111	0111212	0233	0221111	021122	0215	0224	0111311	
021113	01151	0112121	0211121	0215	011411	0122111	01241	0131111	013112	0121121	012221	0131111	012122	01115	011312	0112121	0111122	0113111	01151	0111122	0113111	0233	0221111	022211	022211	023111	0111212	02231	0221111	0224	021122	0215	0224	0111311	
021113	01151	0112121	0211121	0215	01111211	0121121	01232	012113	01133	01111211	01151	0111122	0111122	023111	0111212	02231	02231	02222	021122	0215	0224	0111311	
021113	01151	0112121	0211121	0215	01111121	01241	01322	013112	0121211	01241	012131	01232	012113	0122111	01322	013112	0122111	013211	023111	0111212	02222	02231	021122	0215	0224	0111311	
021113	01151	0112121	0211121	0215	0111122	0113111	011222	011321	0112121	0111122	011213	011213	01214	012131	0122111	01421	023111	0111212	02231	022211	02213	021122	0215	0224	0111311	
021113	01151	0112121	0211121	0215	01133	013211	0122111	0122111	012212	01421	01115	011231	01241	0121121	012122	02321	022211	0221111	0221111	023111	0111212	0233	02222	021122	0215	0224	0111311	
021113	01151	0112121	0211121	0215	01111112	0121121	012131	01421	011114	0113111	011231	01142	0112121	011222	023111	0111212	02231	0224	02222	021122	0215	0224	0111311	
021113	01151	0112121	0211121	0215	0111113	013211	0121121	012131	0121112	012122	01421	01142	013211	01214	01313	012212	023111	0111212	02231	02321	0224	021122	0215	0224	0111311	
021113	01151	0112121	0211121	0215	01142	013211	01241	012311	012311	01421	013211	0131111	01322	01322	0121121	01241	02222	022211	0221111	022121	023111	0111212	0221111	021122	0215	0224	0111311	
021113	01151	0112121	0211121	0215	011114	011222	011111111	0112211	011114	01115	0112121	012131	01322	0122111	01232	013112	023111	0111212	02231	022211	022112	021122	0215	0224	0111311	
021113	01151	0112121	0211121	0215	0112112	0121121	012131	012212	01115	011114	0121121	01241	012131	01214	0233	02321	022112	02231	023111	0111212	02231	0224	022121	021122	0215	0224	0111311	
021113	01151	0112121	0211121	0215	011321	013211	0121121	0122111	012131	012212	012122	01421	01111112	013211	01241	0121121	012131	023111	0111212	0233	02213	021122	0215	0224	0111311	
021113	01151	0112121	0211121	0215	0111122	01111112	01151	01111211	01111121	0112121	011231	01133	0113111	012131	01223	0121121	012131	0122111	023111	0111212	02321	0224	021122	0215	0224	0111311	
021113	01151	0112121	0211121	0215	0131111	01223	012122	01421	01115	011222	01124	01142	0112112	01115	022112	0221111	022112	022121	023111	0111212	02231	0224	02222	021122	0215	0224	0111311	
021113	01151	0112121	0211121	0215	011411	01241	01322	012113	012221	0131111	012122	01115	01111112	01214	01214	013112	012113	012311	013211	0131111	01322	012113	01115	0221111	0233	02213	02231	023111	0111212	022121	02321	021122	0215	0224	0111311	
021113	01151	0112121	0211121	0215	011213	01151	011114	011114	0111221	01115	01133	01151	01111211	01151	01133	0113111	0221111	02231	022121	0224	023111	0111212	02231	022121	0224	021122	0215	0224	0111311	
021113	01151	0112121	0211121	0215	0111122	013112	0121121	012122	012122	01115	012113	01421	012212	013211	01214	01223	0122111	012131	0221111	0224	022121	02213	023111	0111212	0221111	0233	021122	0215	0224	0111311	
021113	01151	0112121	0211121	0215	0134	01214	012122	0121121	013112	0122111	0112121	013211	01214	012131	023111	0111212	02231	0224	022211	021122	0215	0224	0111311	
021113	01151	0112121	0211121	0215	01133	0113111	011231	0113111	01111211	01124	011111111	0111122	01322	0131111	01223	01241	013211	023111	0111212	0221111	0224	021122	0215	0224	0111311	
021113	01151	0112121	0211121	0215	0111122	0112121	0112211	011114	011222	0113111	0113111	012131	01223	0121121	012131	0122111	023111	0111212	02231	02222	02213	021122	0215	0224	0111311	
011411	013211	0122111	012131	012212	01214	012131	023111	0111212	022211	022121	0233	021122	0215	0224	0111311	
0113111	013121	01241	012131	023111	0111212	02231	0224	0233	021122	0215	0224	0111311	
0143	01214	0134	0134	0116	0111113	023111	0111212	022112	02222	02222	021122	0215	0224	0111311	
021113	01151	0112121	0211121	0215	011411	0113111	01151	011111111	01111112	0112121	011321	011111111	011222	011213	01214	013211	01322	0122111	023111	0111212	0233	0233	021122	0215	0224	0111311	
021113	01151	0112121	0211121	0215	01142	011213	0112121	011222	011222	0111221	01115	013211	0131111	01322	01322	0121121	01241	01115	0221111	02321	0224	022112	023111	0111212	02222	02222	021122	0215	0224	0111311	
01151	01322	012113	0122111	013211	023111	0111212	022211	02213	021122	0215	0224	0111311	
0112211	013211	0215	011222	0122111	0122111	023111	0111212	02231	022121	02222	021122	0215	0224	0111311	
0112211	01241	012212	012212	01214	0143	023111	0111212	022121	022112	021122	0215	0224	0111311	
021113	01151	0112121	0211121	0215	023111	0111212	022211	0224	022121	021122	0215	0224	0111311	
021113	01151	0112121	0211121	0215	0111122	0121211	0122111	012122	012122	01421	01115	01124	013211	01241	012131	01223	0122111	023111	0111212	02213	0221111	021122	0215	0224	0111311	
021113	01151	0112121	0211121	0215	011213	0112121	011312	0113111	01124	011111111	0111122	01115	011312	0121121	01241	0121211	01214	012131	012212	023111	0111212	0233	0233	021122	0215	0224	0111311	
021113	01151	0112121	0211121	0215	012221	013211	0121121	0122111	012131	012212	012122	01421	011321	0131111	013211	012131	0121121	013112	0131111	013211	0122111	023111	0111212	02231	02321	022211	021122	0215	0224	0111311	
021113	01151	0112121	0211121	0215	01142	011213	0112121	011222	011222	0111221	01121111	01241	01232	0121112	01241	012122	023111	0111212	022121	02213	021122	0215	0224	0111311	
021113	01151	0112121	0211121	0215	0112211	0113111	0113111	0112112	01115	01133	013211	01241	01322	01322	023111	0111212	0224	021122	0215	0224	0111311	
021113	01151	0112121	0211121	0215	01142	012113	01241	012122	012122	0122111	012131	01223	0121121	012131	01223	01115	012221	013211	01241	012131	01232	0122111	023111	0111212	022211	0221111	021122	0215	0224	0111311	
021113	01151	0112121	0211121	0215	0111122	01232	01241	013211	0122111	012212	012311	013211	0122111	01241	0121112	012221	01241	01322	013112	02321	02231	02321	022121	023111	0111212	02213	022112	021122	0215	0224	0111311	
021113	01151	0112121	0211121	0215	012212	0131111	012122	012122	013112	013211	0131111	01232	0121112	0221111	022112	02321	022112	023111	0111212	02231	02231	022211	021122	0215	0224	0111311	
021113	01151	0112121	0211121	0215	011222	0131111	0121211	0134	01421	01241	0121211	012311	0131111	012122	01241	012131	01232	0122111	0221111	0224	0224	02213	023111	0111212	0233	022211	021122	0215	0224	0111311	
021113	01151	0112121	0211121	0215	011321	01151	011231	01111112	01151	0111122	01111112	0112121	01142	011222	0113111	01151	01111112	011213	0113111	01111211	02231	022121	022121	022121	023111	0111212	02231	0233	022112	021122	0215	0224	0111311	
021113	01151	0112121	0211121	0215	0112121	01142	0111221	01421	01241	0121112	022121	02321	0221111	022112	023111	0111212	022211	02222	021122	0215	0224	0111311	

